2441  0  1
2441  1  3
2441  2  4
2441  3  4
2441  4  5
2441  5  5
2441  6  6
2441  7  6
2441  8  5
2441  9  6
2441  10  6
2441  11  6
2441  12  6
2441  13  6
2441  14  8
2441  15  8
2441  16  8
2441  17  8
2441  18  8
2441  19  8
2441  20  9
2441  21  9
2441  22  9
2441  23  8
2441  24  8
2441  25  7
2441  26  8
2441  27  9
2441  28  10
2441  29  10
2441  30  11
2441  31  10
2441  32  12
2441  33  12
2441  34  12
2441  35  12
2441  36  12
2441  37  13
2441  38  13
2441  39  14
2441  40  13
2441  41  13
2441  42  13
2441  43  13
2441  44  11
2441  45  11
2441  46  11
2441  47  11
2441  48  12
2441  49  12
2441  50  10
2441  51  7
2441  52  7
2441  53  7
2441  54  5
2441  55  3
2441  56  3
2441  57  1
887  0  1
887  1  1
887  2  1
887  3  1
887  4  1
887  5  1
887  6  1
887  7  2
887  8  2
887  9  4
887  10  5
887  11  5
887  12  5
887  13  5
887  14  6
887  15  6
887  16  6
887  17  5
887  18  5
887  19  3
887  20  3
887  21  4
887  22  4
887  23  4
887  24  4
887  25  5
887  26  7
887  27  7
887  28  7
887  29  7
887  30  8
887  31  8
887  32  8
887  33  9
887  34  9
887  35  10
887  36  10
887  37  11
887  38  11
887  39  11
887  40  11
887  41  12
887  42  12
887  43  10
887  44  9
887  45  8
887  46  8
887  47  7
887  48  7
887  49  8
887  50  9
887  51  9
887  52  7
887  53  5
887  54  4
887  55  4
887  56  5
887  57  4
887  58  1
571  1  1
571  2  1
571  3  1
571  4  2
571  5  2
571  6  3
571  7  3
571  8  3
571  9  3
571  10  3
571  11  3
571  12  3
571  13  3
571  14  3
571  15  4
571  16  4
571  17  6
571  18  6
571  19  6
571  20  7
571  21  9
571  22  9
571  23  10
571  24  10
571  25  10
571  26  11
571  27  12
571  28  12
571  29  12
571  30  12
571  31  12
571  32  12
571  33  12
571  34  11
571  35  12
571  36  13
571  37  14
571  38  13
571  39  13
571  40  13
571  41  13
571  42  12
571  43  11
571  44  9
571  45  9
571  46  11
571  47  11
571  48  10
571  49  10
571  50  10
571  51  10
571  52  11
571  53  10
571  54  10
571  55  6
571  56  5
571  57  4
571  58  3
1021  0  1
1021  1  1
1021  2  2
1021  3  2
1021  4  2
1021  5  2
1021  6  2
1021  7  2
1021  8  2
1021  9  2
1021  10  3
1021  11  2
1021  12  2
1021  13  2
1021  14  3
1021  15  4
1021  16  4
1021  17  5
1021  18  5
1021  19  6
1021  20  6
1021  21  6
1021  22  6
1021  23  6
1021  24  7
1021  25  6
1021  26  7
1021  27  8
1021  28  8
1021  29  8
1021  30  9
1021  31  9
1021  32  9
1021  33  9
1021  34  8
1021  35  8
1021  36  7
1021  37  7
1021  38  5
1021  39  5
1021  40  5
1021  41  5
1021  42  5
1021  43  5
1021  44  4
1021  45  6
1021  46  6
1021  47  6
1021  48  6
1021  49  7
1021  50  7
1021  51  7
1021  52  7
1021  53  7
1021  54  4
1021  55  2
1021  56  2
1021  57  2
1889  3  1
1889  4  1
1889  5  1
1889  6  1
1889  7  1
1889  8  2
1889  9  2
1889  10  2
1889  11  2
1889  12  2
1889  13  2
1889  14  3
1889  15  4
1889  16  4
1889  17  4
1889  18  4
1889  19  5
1889  20  5
1889  21  5
1889  22  5
1889  23  5
1889  24  6
1889  25  6
1889  26  6
1889  27  8
1889  28  9
1889  29  7
1889  30  7
1889  31  7
1889  32  7
1889  33  7
1889  34  8
1889  35  8
1889  36  8
1889  37  8
1889  38  7
1889  39  7
1889  40  6
1889  41  10
1889  42  10
1889  43  11
1889  44  11
1889  45  8
1889  46  8
1889  47  9
1889  48  8
1889  49  8
1889  50  8
1889  51  7
1889  52  7
1889  53  7
1889  54  8
1889  55  5
1889  56  4
1889  57  2
1889  58  1
2207  1  1
2207  2  1
2207  3  1
2207  4  1
2207  5  1
2207  6  1
2207  7  1
2207  8  1
2207  9  1
2207  11  1
2207  12  1
2207  13  1
2207  14  1
2207  15  3
2207  16  3
2207  17  3
2207  18  5
2207  19  5
2207  20  6
2207  21  6
2207  22  6
2207  23  7
2207  24  6
2207  25  6
2207  26  6
2207  27  7
2207  28  8
2207  29  8
2207  30  8
2207  31  8
2207  32  7
2207  33  8
2207  34  8
2207  35  7
2207  36  7
2207  37  6
2207  38  6
2207  39  7
2207  40  7
2207  41  6
2207  42  7
2207  43  7
2207  44  6
2207  45  6
2207  46  6
2207  47  7
2207  48  5
2207  49  5
2207  50  6
2207  51  6
2207  52  6
2207  53  7
2207  54  6
2207  55  6
2207  56  5
2207  57  3
2207  58  1
2963  2  1
2963  3  3
2963  4  3
2963  5  5
2963  6  5
2963  7  6
2963  8  6
2963  9  7
2963  10  7
2963  11  7
2963  12  6
2963  13  8
2963  14  8
2963  15  8
2963  16  8
2963  17  8
2963  18  8
2963  19  8
2963  20  8
2963  21  8
2963  22  8
2963  23  8
2963  24  7
2963  25  8
2963  26  8
2963  27  9
2963  28  10
2963  29  11
2963  30  11
2963  31  11
2963  32  10
2963  33  10
2963  34  8
2963  35  9
2963  36  9
2963  37  8
2963  38  7
2963  39  3
2963  40  3
2963  41  3
2963  42  3
2963  43  3
2963  44  3
2963  45  3
2963  46  2
2963  47  2
2963  48  2
2963  49  3
2963  50  4
2963  51  4
2963  52  7
2963  53  7
2963  54  6
2963  55  6
2963  56  4
2963  57  3
971  2  1
971  3  2
971  4  2
971  5  2
971  6  2
971  7  3
971  8  3
971  9  3
971  10  3
971  11  3
971  12  3
971  13  3
971  14  3
971  15  3
971  16  4
971  17  4
971  18  5
971  19  5
971  20  5
971  21  5
971  22  6
971  23  5
971  24  5
971  25  5
971  26  5
971  27  5
971  28  5
971  29  6
971  30  6
971  31  6
971  32  5
971  33  5
971  34  5
971  35  5
971  36  6
971  37  7
971  38  8
971  39  8
971  40  7
971  41  7
971  42  7
971  43  7
971  44  8
971  45  8
971  46  7
971  47  7
971  48  7
971  49  5
971  50  4
971  51  3
971  52  3
971  53  2
971  54  2
971  55  2
971  56  1
971  57  1
971  58  1
3539  6  1
3539  7  1
3539  8  1
3539  18  1
3539  19  2
3539  20  2
3539  21  2
3539  22  3
3539  23  3
3539  24  3
3539  25  3
3539  26  3
3539  27  3
3539  28  3
3539  29  2
3539  30  2
3539  31  1
3539  32  2
3539  33  2
3539  34  2
3539  35  2
3539  36  2
3539  37  2
3539  38  2
3539  39  2
3539  40  5
3539  41  4
3539  42  4
3539  43  4
3539  44  3
3539  45  3
3539  46  2
3539  47  3
3539  48  3
3539  49  3
3539  50  3
3539  51  3
3539  52  4
3539  53  4
3539  54  4
3539  55  3
3539  56  3
3539  57  1
3539  58  1
613  14  1
613  15  1
613  16  1
613  17  1
613  18  2
613  19  3
613  20  3
613  21  4
613  22  4
613  23  4
613  24  4
613  25  4
613  26  3
613  27  3
613  28  3
613  29  3
613  30  4
613  31  4
613  32  4
613  33  4
613  34  5
613  35  5
613  36  5
613  37  4
613  38  4
613  39  5
613  40  5
613  41  5
613  42  5
613  43  5
613  44  6
613  45  5
613  46  5
613  47  4
613  48  4
613  49  4
613  50  4
613  51  3
613  52  3
613  53  3
613  54  3
613  55  4
613  56  4
613  57  3
613  58  2
1291  1  1
1291  2  1
1291  3  1
1291  4  2
1291  5  2
1291  6  1
1291  7  2
1291  8  2
1291  9  2
1291  10  2
1291  11  3
1291  12  4
1291  13  3
1291  14  3
1291  15  3
1291  16  3
1291  17  3
1291  18  3
1291  19  2
1291  20  2
1291  21  2
1291  22  2
1291  23  2
1291  24  3
1291  25  3
1291  26  3
1291  27  3
1291  28  3
1291  29  3
1291  30  2
1291  31  3
1291  32  3
1291  33  3
1291  34  2
1291  35  2
1291  36  2
1291  37  2
1291  38  2
1291  39  3
1291  40  3
1291  41  3
1291  42  4
1291  43  3
1291  44  3
1291  45  3
1291  46  3
1291  47  2
1291  48  2
1291  49  2
1291  50  2
1291  51  1
1291  52  1
1291  53  2
1291  54  2
1291  55  2
1291  56  2
1291  57  1
239  4  2
239  5  3
239  6  4
239  7  5
239  8  5
239  9  6
239  10  6
239  11  6
239  12  6
239  13  6
239  14  7
239  15  7
239  16  8
239  17  8
239  18  9
239  19  9
239  20  9
239  21  9
239  22  9
239  23  9
239  24  9
239  25  9
239  26  10
239  27  10
239  28  10
239  29  10
239  30  11
239  31  11
239  32  13
239  33  15
239  34  13
239  35  13
239  36  12
239  37  11
239  38  10
239  39  10
239  40  9
239  41  9
239  42  9
239  43  10
239  44  9
239  45  7
239  46  9
239  47  9
239  48  9
239  49  8
239  50  5
239  51  5
239  52  5
239  53  4
239  54  6
239  55  7
239  56  8
239  57  6
239  58  2
673  4  1
673  5  1
673  6  1
673  7  2
673  8  2
673  9  2
673  10  2
673  11  2
673  12  2
673  13  2
673  14  2
673  15  2
673  16  2
673  17  2
673  18  2
673  19  2
673  20  3
673  21  3
673  22  3
673  23  3
673  24  4
673  25  4
673  26  4
673  27  4
673  28  4
673  29  4
673  30  4
673  31  4
673  32  4
673  33  4
673  34  5
673  35  6
673  36  6
673  37  6
673  38  6
673  39  6
673  40  5
673  41  4
673  42  4
673  43  4
673  44  3
673  45  4
673  46  4
673  47  3
673  48  4
673  49  3
673  50  2
673  51  2
673  52  2
673  53  3
673  54  2
673  55  2
673  56  2
673  57  2
673  58  1
1249  0  1
1249  1  2
1249  2  2
1249  3  3
1249  4  4
1249  5  4
1249  6  4
1249  7  4
1249  8  6
1249  9  6
1249  10  6
1249  11  6
1249  12  7
1249  13  6
1249  14  6
1249  15  7
1249  16  7
1249  17  7
1249  18  6
1249  19  6
1249  20  6
1249  21  8
1249  22  8
1249  23  7
1249  24  7
1249  25  7
1249  26  8
1249  27  8
1249  28  8
1249  29  7
1249  30  7
1249  31  6
1249  32  6
1249  33  7
1249  34  7
1249  35  8
1249  36  8
1249  37  9
1249  38  10
1249  39  10
1249  40  11
1249  41  9
1249  42  7
1249  43  7
1249  44  6
1249  45  6
1249  46  6
1249  47  6
1249  48  7
1249  49  6
1249  50  5
1249  51  1
1249  52  1
1249  53  1
1249  54  2
1249  55  2
1249  56  4
1249  57  4
1249  58  1
911  2  3
911  3  3
911  4  5
911  5  5
911  6  5
911  7  5
911  8  5
911  9  5
911  10  5
911  11  5
911  12  5
911  13  7
911  14  8
911  15  8
911  16  8
911  17  8
911  18  8
911  19  8
911  20  8
911  21  10
911  22  9
911  23  9
911  24  9
911  25  9
911  26  11
911  27  11
911  28  12
911  29  11
911  30  11
911  31  11
911  32  11
911  33  11
911  34  11
911  35  11
911  36  12
911  37  12
911  38  12
911  39  12
911  40  13
911  41  13
911  42  13
911  43  11
911  44  11
911  45  11
911  46  12
911  47  12
911  48  11
911  49  10
911  50  10
911  51  7
911  52  6
911  53  8
911  54  6
911  55  5
911  56  5
911  57  3
911  58  1
1877  0  1
1877  1  2
1877  2  4
1877  3  4
1877  4  4
1877  5  3
1877  6  3
1877  7  4
1877  8  4
1877  9  5
1877  10  4
1877  11  5
1877  12  6
1877  13  6
1877  14  6
1877  15  6
1877  16  7
1877  17  7
1877  18  6
1877  19  6
1877  20  5
1877  21  5
1877  22  5
1877  23  5
1877  24  5
1877  25  5
1877  26  6
1877  27  7
1877  28  6
1877  29  6
1877  30  6
1877  31  6
1877  32  5
1877  33  5
1877  34  5
1877  35  5
1877  36  6
1877  37  6
1877  38  6
1877  39  5
1877  40  4
1877  41  6
1877  42  6
1877  43  6
1877  44  5
1877  45  6
1877  46  6
1877  47  6
1877  48  5
1877  49  6
1877  50  5
1877  51  6
1877  52  6
1877  53  6
1877  54  4
1877  55  4
1877  56  3
1877  57  3
1877  58  2
881  0  1
881  1  2
881  2  4
881  3  4
881  4  6
881  5  5
881  6  5
881  7  5
881  8  5
881  9  6
881  10  6
881  11  6
881  12  6
881  13  6
881  14  6
881  15  6
881  16  6
881  17  6
881  18  5
881  19  6
881  20  5
881  21  7
881  22  9
881  23  9
881  24  9
881  25  9
881  26  10
881  27  10
881  28  10
881  29  10
881  30  11
881  31  12
881  32  12
881  33  12
881  34  12
881  35  11
881  36  11
881  37  11
881  38  10
881  39  11
881  40  11
881  41  11
881  42  11
881  43  11
881  44  11
881  45  11
881  46  10
881  47  10
881  48  8
881  49  9
881  50  8
881  51  8
881  52  7
881  53  6
881  54  6
881  55  5
881  56  4
881  57  3
1607  3  1
1607  4  1
1607  5  1
1607  7  1
1607  8  1
1607  9  2
1607  10  2
1607  11  2
1607  12  2
1607  13  4
1607  14  6
1607  15  6
1607  16  6
1607  17  6
1607  18  6
1607  19  7
1607  20  8
1607  21  9
1607  22  9
1607  23  9
1607  24  9
1607  25  9
1607  26  8
1607  27  7
1607  28  7
1607  29  7
1607  30  7
1607  31  7
1607  32  8
1607  33  9
1607  34  9
1607  35  9
1607  36  9
1607  37  10
1607  38  10
1607  39  11
1607  40  13
1607  41  12
1607  42  13
1607  43  13
1607  44  10
1607  45  10
1607  46  10
1607  47  10
1607  48  9
1607  49  9
1607  50  6
1607  51  5
1607  52  5
1607  53  4
1607  54  4
1607  55  4
1607  56  4
1607  57  2
1607  58  1
331  4  1
331  5  1
331  6  1
331  7  1
331  8  1
331  9  1
331  10  1
331  11  1
331  12  1
331  13  1
331  14  1
331  15  2
331  16  2
331  17  2
331  18  2
331  19  2
331  20  2
331  21  3
331  22  3
331  23  3
331  24  3
331  25  1
331  34  1
331  35  3
331  36  3
331  37  2
331  38  3
331  39  3
331  40  4
331  41  3
331  42  4
331  43  4
331  44  4
331  45  4
331  46  5
331  47  4
331  48  3
331  49  3
331  50  3
331  51  4
331  52  4
331  53  3
331  54  3
331  55  3
331  56  1
1913  0  1
1913  1  1
1913  2  1
1913  3  1
1913  4  1
1913  5  2
1913  6  2
1913  7  3
1913  8  3
1913  9  3
1913  10  3
1913  11  3
1913  12  3
1913  13  3
1913  14  3
1913  15  4
1913  16  6
1913  17  5
1913  18  5
1913  19  5
1913  20  5
1913  21  5
1913  22  5
1913  23  5
1913  24  5
1913  25  5
1913  26  5
1913  27  5
1913  28  5
1913  29  6
1913  30  6
1913  31  6
1913  32  6
1913  33  7
1913  34  6
1913  35  6
1913  36  5
1913  37  5
1913  38  5
1913  39  4
1913  40  5
1913  41  5
1913  42  5
1913  43  5
1913  44  5
1913  45  3
1913  46  5
1913  47  5
1913  48  5
1913  49  4
1913  50  3
1913  51  2
1913  52  1
1913  53  2
1913  54  1
